1.000000 0.631639
2.000000 0.675420
3.000000 0.730302
4.000000 0.791448
5.000000 0.852768
6.000000 0.908739
7.000000 0.956191
8.000000 0.994709
9.000000 1.025774
10.000000 1.051658
11.000000 1.074640
12.000000 1.096585
13.000000 1.118758
14.000000 1.141775
15.000000 1.165628
16.000000 1.189798
17.000000 1.213412
18.000000 1.235441
19.000000 1.254881
20.000000 1.270892
21.000000 1.282876
22.000000 1.290504
23.000000 1.293720
24.000000 1.292720
25.000000 1.287959
26.000000 1.280167
27.000000 1.270409
28.000000 1.260154
29.000000 1.251301
30.000000 1.246045
31.000000 1.246482
32.000000 1.253922
33.000000 1.267840
34.000000 1.284574
35.000000 1.297203
36.000000 1.298721
37.000000 1.286172
38.000000 1.260946
39.000000 1.226213
40.000000 1.184918
41.000000 1.139126
42.000000 1.090112
43.000000 1.038670
44.000000 0.985429
45.000000 0.931057
46.000000 0.876329
47.000000 0.822096
48.000000 0.769192
49.000000 0.718349
50.000000 0.670159
51.000000 0.625061
52.000000 0.583362
53.000000 0.545269
54.000000 0.510912
55.000000 0.480369
56.000000 0.453659
57.000000 0.430720
58.000000 0.411343
59.000000 0.395074
60.000000 0.381140
61.000000 0.368465
62.000000 0.355895
63.000000 0.342596
64.000000 0.328467
65.000000 0.314246
66.000000 0.301213
67.000000 0.290833
68.000000 0.284658
69.000000 0.284440
70.000000 0.292303
71.000000 0.310823
72.000000 0.342814
73.000000 0.390504
74.000000 0.453988
75.000000 0.529753
76.000000 0.610970
77.000000 0.689958
78.000000 0.760800
79.000000 0.820294
80.000000 0.867492
81.000000 0.902831
82.000000 0.927439
83.000000 0.942720
84.000000 0.950130
85.000000 0.951079
86.000000 0.946883
87.000000 0.938734
88.000000 0.927680
89.000000 0.914585
90.000000 0.900087
91.000000 0.884557
92.000000 0.868114
93.000000 0.850705
94.000000 0.832264
95.000000 0.812872
96.000000 0.792845
97.000000 0.772749
98.000000 0.753389
99.000000 0.735831
100.000000 0.721440
101.000000 0.711943
102.000000 0.709437
103.000000 0.716242
104.000000 0.734456
105.000000 0.765213
106.000000 0.807840
107.000000 0.859146
108.000000 0.913353
109.000000 0.963634
110.000000 1.004936
111.000000 1.035669
112.000000 1.057123
113.000000 1.071954
114.000000 1.082996
115.000000 1.092677
116.000000 1.102800
117.000000 1.114522
118.000000 1.128404
119.000000 1.144520
120.000000 1.162593
121.000000 1.182134
122.000000 1.202553
123.000000 1.223208
124.000000 1.243422
125.000000 1.262498
126.000000 1.279767
127.000000 1.294676
128.000000 1.306883
129.000000 1.316337
130.000000 1.323327
131.000000 1.328510
132.000000 1.332885
133.000000 1.337686
134.000000 1.344068
135.000000 1.352423
136.000000 1.361201
137.000000 1.365794
138.000000 1.359634
139.000000 1.338743
140.000000 1.304623
141.000000 1.261933
142.000000 1.215198
143.000000 1.167487
144.000000 1.120407
145.000000 1.074486
146.000000 1.029574
147.000000 0.985200
148.000000 0.940852
149.000000 0.896169
150.000000 0.851037
151.000000 0.805598
152.000000 0.760182
153.000000 0.715234
154.000000 0.671234
155.000000 0.628645
156.000000 0.587874
157.000000 0.549245
158.000000 0.512990
159.000000 0.479247
160.000000 0.448058
161.000000 0.419370
162.000000 0.393029
163.000000 0.368787
164.000000 0.346331
165.000000 0.325362
166.000000 0.305743
167.000000 0.287669
168.000000 0.271749
169.000000 0.258961
170.000000 0.250564
171.000000 0.248085
172.000000 0.253307
173.000000 0.268153
174.000000 0.294428
175.000000 0.333433
176.000000 0.385502
177.000000 0.449548
178.000000 0.522780
179.000000 0.600879
180.000000 0.678755
181.000000 0.751659
182.000000 0.816052
183.000000 0.869913
184.000000 0.912554
185.000000 0.944218
186.000000 0.965702
187.000000 0.978078
188.000000 0.982513
189.000000 0.980169
190.000000 0.972143
191.000000 0.959434
192.000000 0.942929
193.000000 0.923383
194.000000 0.901426
195.000000 0.877567
196.000000 0.852246
197.000000 0.825895
198.000000 0.799021
199.000000 0.772271
200.000000 0.746468
201.000000 0.722649
202.000000 0.702091
203.000000 0.686314
204.000000 0.677039
205.000000 0.676070
206.000000 0.685099
207.000000 0.705435
208.000000 0.737650
209.000000 0.781119
210.000000 0.833343
211.000000 0.889311
212.000000 0.942011
213.000000 0.985014
214.000000 1.015293
215.000000 1.033631
216.000000 1.043042
217.000000 1.047134
218.000000 1.049210
219.000000 1.051951
220.000000 1.057338
221.000000 1.066660
222.000000 1.080518
223.000000 1.098842
224.000000 1.120960
225.000000 1.145708
226.000000 1.171609
227.000000 1.197080
228.000000 1.220654
229.000000 1.241163
230.000000 1.257880
231.000000 1.270573
232.000000 1.279508
233.000000 1.285410
234.000000 1.289389
235.000000 1.292844
236.000000 1.297301
237.000000 1.304132
238.000000 1.314029
239.000000 1.326058
240.000000 1.336417
241.000000 1.338503
242.000000 1.326779
243.000000 1.301319
244.000000 1.266782
245.000000 1.228474
246.000000 1.190217
247.000000 1.154051
248.000000 1.120543
249.000000 1.089194
250.000000 1.058817
251.000000 1.027903
252.000000 0.994973
253.000000 0.958927
254.000000 0.919299
255.000000 0.876344
256.000000 0.830915
257.000000 0.784193
258.000000 0.737411
259.000000 0.691652
260.000000 0.647762
261.000000 0.606330
262.000000 0.567714
263.000000 0.532064
264.000000 0.499342
265.000000 0.469343
266.000000 0.441704
267.000000 0.415968
268.000000 0.391681
269.000000 0.368577
270.000000 0.346769
271.000000 0.326861
272.000000 0.309861
273.000000 0.296966
274.000000 0.289416
275.000000 0.288359
276.000000 0.294703
277.000000 0.308976
278.000000 0.331325
279.000000 0.361678
280.000000 0.399985
281.000000 0.446364
282.000000 0.500956
283.000000 0.563398
284.000000 0.632044
285.000000 0.703524
286.000000 0.773274
287.000000 0.836873
288.000000 0.891212
289.000000 0.934823
290.000000 0.967566
291.000000 0.990120
292.000000 1.003573
293.000000 1.009152
294.000000 1.008064
295.000000 1.001416
296.000000 0.990162
297.000000 0.975092
298.000000 0.956841
299.000000 0.935931
300.000000 0.912863
301.000000 0.888202
302.000000 0.862652
303.000000 0.837080
304.000000 0.812504
305.000000 0.790066
306.000000 0.770970
307.000000 0.756408
308.000000 0.747485
309.000000 0.745186
310.000000 0.750391
311.000000 0.763910
312.000000 0.786464
313.000000 0.818506
314.000000 0.859697
315.000000 0.907922
316.000000 0.958244
317.000000 1.003365
318.000000 1.036764
319.000000 1.055956
320.000000 1.062588
321.000000 1.060366
322.000000 1.053259
323.000000 1.044690
324.000000 1.037354
325.000000 1.033260
326.000000 1.033813
327.000000 1.039866
328.000000 1.051731
329.000000 1.069166
330.000000 1.091359
331.000000 1.116984
332.000000 1.144365
333.000000 1.171759
334.000000 1.197662
335.000000 1.221043
336.000000 1.241445
337.000000 1.258953
338.000000 1.274066
339.000000 1.287537
340.000000 1.300178
341.000000 1.312626
342.000000 1.324971
343.000000 1.336141
344.000000 1.343049
345.000000 1.340403
346.000000 1.323193
347.000000 1.291154
348.000000 1.249326
349.000000 1.204225
350.000000 1.160962
351.000000 1.122635
352.000000 1.090597
353.000000 1.064835
354.000000 1.044319
355.000000 1.027323
356.000000 1.011732
357.000000 0.995310
358.000000 0.975960
359.000000 0.952021
360.000000 0.922570
361.000000 0.887616
362.000000 0.848041
363.000000 0.805270
364.000000 0.760869
365.000000 0.716237
366.000000 0.672449
367.000000 0.630236
368.000000 0.590024
369.000000 0.552001
370.000000 0.516186
371.000000 0.482500
372.000000 0.450851
373.000000 0.421237
374.000000 0.393871
375.000000 0.369325
376.000000 0.348609
377.000000 0.333144
378.000000 0.324609
379.000000 0.324636
380.000000 0.334299
381.000000 0.353607
382.000000 0.381361
383.000000 0.415580
384.000000 0.454196
385.000000 0.495639
386.000000 0.539143
387.000000 0.584779
388.000000 0.633249
389.000000 0.685419
390.000000 0.741566
391.000000 0.800592
392.000000 0.859767
393.000000 0.915447
394.000000 0.964302
395.000000 1.004177
396.000000 1.034226
397.000000 1.054582
398.000000 1.065950
399.000000 1.069296
400.000000 1.065651
401.000000 1.056010
402.000000 1.041296
403.000000 1.022361
404.000000 1.000028
405.000000 0.975151
406.000000 0.948700
407.000000 0.921824
408.000000 0.895882
409.000000 0.872413
410.000000 0.853016
411.000000 0.839139
412.000000 0.831862
413.000000 0.831783
414.000000 0.839041
415.000000 0.853444
416.000000 0.874628
417.000000 0.902177
418.000000 0.935610
419.000000 0.974108
420.000000 1.015790
421.000000 1.056624
422.000000 1.090123
423.000000 1.109659
424.000000 1.112324
425.000000 1.100041
426.000000 1.077372
427.000000 1.049146
428.000000 1.019411
429.000000 0.991290
430.000000 0.967169
431.000000 0.948899
432.000000 0.937911
433.000000 0.935234
434.000000 0.941386
435.000000 0.956214
436.000000 0.978736
437.000000 1.007175
438.000000 1.039238
439.000000 1.072604
440.000000 1.105378
441.000000 1.136328
442.000000 1.164835
443.000000 1.190633
444.000000 1.213478
445.000000 1.232798
446.000000 1.247391
447.000000 1.255201
448.000000 1.253370
449.000000 1.238884
450.000000 1.210098
451.000000 1.168481
452.000000 1.118851
453.000000 1.067510
454.000000 1.020214
455.000000 0.981371
456.000000 0.953978
457.000000 0.939534
458.000000 0.937839
459.000000 0.947049
460.000000 0.964185
461.000000 0.985884
462.000000 1.008984
463.000000 1.030697
464.000000 1.048459
465.000000 1.059719
466.000000 1.061983
467.000000 1.053343
468.000000 1.033200
469.000000 1.002575
470.000000 0.963670
471.000000 0.919088
472.000000 0.871223
473.000000 0.822011
474.000000 0.772935
475.000000 0.725141
476.000000 0.679593
477.000000 0.637231
478.000000 0.599165
479.000000 0.566921
480.000000 0.542755
481.000000 0.529817
482.000000 0.531666
483.000000 0.550607
484.000000 0.585614
485.000000 0.632030
486.000000 0.683666
487.000000 0.735028
488.000000 0.782022
489.000000 0.821655
490.000000 0.851768
491.000000 0.871188
492.000000 0.880010
493.000000 0.879634
494.000000 0.872523
495.000000 0.861884
496.000000 0.851422
497.000000 0.845161
498.000000 0.847140
499.000000 0.860705
500.000000 0.887281
501.000000 0.925162
502.000000 0.969568
503.000000 1.014435
504.000000 1.054603
505.000000 1.086923
506.000000 1.110171
507.000000 1.124481
508.000000 1.130832
509.000000 1.130750
510.000000 1.126216
511.000000 1.119704
512.000000 1.114158
513.000000 1.112658
514.000000 1.117706
515.000000 1.130422
516.000000 1.150128
517.000000 1.174417
518.000000 1.199766
519.000000 1.222740
520.000000 1.241362
521.000000 1.255683
522.000000 1.267189
523.000000 1.277666
524.000000 1.288325
525.000000 1.299503
526.000000 1.310856
527.000000 1.321746
528.000000 1.331415
529.000000 1.338645
530.000000 1.340916
531.000000 1.333965
532.000000 1.313433
533.000000 1.278074
534.000000 1.230742
535.000000 1.176282
536.000000 1.119314
537.000000 1.063364
538.000000 1.010869
539.000000 0.963394
540.000000 0.921766
541.000000 0.886055
542.000000 0.855453
543.000000 0.828232
544.000000 0.802034
545.000000 0.774527
546.000000 0.744167
547.000000 0.710657
548.000000 0.674834
549.000000 0.638089
550.000000 0.601751
551.000000 0.566728
552.000000 0.533452
553.000000 0.501998
554.000000 0.472261
555.000000 0.444106
556.000000 0.417455
557.000000 0.392293
558.000000 0.368656
559.000000 0.346654
560.000000 0.326559
561.000000 0.308957
562.000000 0.294912
563.000000 0.286108
564.000000 0.284984
565.000000 0.294739
566.000000 0.318817
567.000000 0.359527
568.000000 0.416316
569.000000 0.485276
570.000000 0.560690
571.000000 0.637228
572.000000 0.711159
573.000000 0.780331
574.000000 0.843576
575.000000 0.900084
576.000000 0.949052
577.000000 0.989691
578.000000 1.021480
579.000000 1.044374
580.000000 1.058808
581.000000 1.065544
582.000000 1.065485
583.000000 1.059536
584.000000 1.048542
585.000000 1.033259
586.000000 1.014371
587.000000 0.992498
588.000000 0.968210
589.000000 0.942048
590.000000 0.914552
591.000000 0.886323
592.000000 0.858107
593.000000 0.830901
594.000000 0.806070
595.000000 0.785458
596.000000 0.771390
597.000000 0.766407
598.000000 0.772697
599.000000 0.791458
600.000000 0.822528
601.000000 0.864210
602.000000 0.912986
603.000000 0.963148
604.000000 1.007268
605.000000 1.038403
606.000000 1.052990
607.000000 1.051842
608.000000 1.038662
609.000000 1.017963
610.000000 0.993819
611.000000 0.969497
612.000000 0.947511
613.000000 0.929803
614.000000 0.917887
615.000000 0.912922
616.000000 0.915701
617.000000 0.926564
618.000000 0.945282
619.000000 0.970966
620.000000 1.002073
621.000000 1.036557
622.000000 1.072171
623.000000 1.106840
624.000000 1.139004
625.000000 1.167840
626.000000 1.193328
627.000000 1.216102
628.000000 1.237067
629.000000 1.256729
630.000000 1.274248
631.000000 1.286454
632.000000 1.287938
633.000000 1.274038
634.000000 1.245182
635.000000 1.207103
636.000000 1.167127
637.000000 1.131386
638.000000 1.104037
639.000000 1.087245
640.000000 1.081285
641.000000 1.084824
642.000000 1.095493
643.000000 1.110575
644.000000 1.127526
645.000000 1.144150
646.000000 1.158479
647.000000 1.168495
648.000000 1.171916
649.000000 1.166308
650.000000 1.149691
651.000000 1.121405
652.000000 1.082541
653.000000 1.035556
654.000000 0.983381
655.000000 0.928666
656.000000 0.873419
657.000000 0.818967
658.000000 0.766097
659.000000 0.715285
660.000000 0.666956
661.000000 0.621739
662.000000 0.580651
663.000000 0.545162
664.000000 0.517076
665.000000 0.498226
666.000000 0.489852
667.000000 0.491774
668.000000 0.501912
669.000000 0.516699
670.000000 0.532148
671.000000 0.544893
672.000000 0.552792
673.000000 0.555029
674.000000 0.551875
675.000000 0.544308
676.000000 0.533692
677.000000 0.521613
678.000000 0.509869
679.000000 0.500586
680.000000 0.496410
681.000000 0.500661
682.000000 0.517197
683.000000 0.549483
684.000000 0.598597
685.000000 0.661294
686.000000 0.730467
687.000000 0.798196
688.000000 0.858553
689.000000 0.908376
690.000000 0.946698
691.000000 0.973928
692.000000 0.991280
693.000000 1.000465
694.000000 1.003536
695.000000 1.002773
696.000000 1.000503
697.000000 0.998812
698.000000 0.999193
699.000000 1.002314
700.000000 1.008029
701.000000 1.015570
702.000000 1.023857
703.000000 1.031767
704.000000 1.038343
705.000000 1.042891
706.000000 1.045032
707.000000 1.044712
708.000000 1.042221
709.000000 1.038220
710.000000 1.033814
711.000000 1.030628
712.000000 1.030852
713.000000 1.037072
714.000000 1.051641
715.000000 1.075443
716.000000 1.106364
717.000000 1.138563
718.000000 1.164416
719.000000 1.178659
720.000000 1.180659
721.000000 1.173158
722.000000 1.159978
723.000000 1.144577
724.000000 1.129470
725.000000 1.116092
726.000000 1.104853
727.000000 1.095327
728.000000 1.086562
729.000000 1.077443
730.000000 1.067004
731.000000 1.054658
732.000000 1.040294
733.000000 1.024254
734.000000 1.007221
735.000000 0.990077
736.000000 0.973752
737.000000 0.959102
738.000000 0.946791
739.000000 0.937177
740.000000 0.930164
741.000000 0.925042
742.000000 0.920321
743.000000 0.913665
744.000000 0.902119
745.000000 0.882953
746.000000 0.855114
747.000000 0.820233
748.000000 0.781878
749.000000 0.743803
750.000000 0.708899
751.000000 0.679039
752.000000 0.655224
753.000000 0.637706
754.000000 0.626114
755.000000 0.619647
756.000000 0.617353
757.000000 0.618412
758.000000 0.622348
759.000000 0.629096
760.000000 0.638949
761.000000 0.652417
762.000000 0.670025
763.000000 0.692111
764.000000 0.718651
765.000000 0.749174
766.000000 0.782797
767.000000 0.818359
768.000000 0.854617
769.000000 0.890432
770.000000 0.924924
771.000000 0.957594
772.000000 0.988453
773.000000 1.018122
774.000000 1.047764
775.000000 1.078529
776.000000 1.110503
777.000000 1.142025
778.000000 1.170451
779.000000 1.193656
780.000000 1.210796
781.000000 1.222173
782.000000 1.228781
783.000000 1.231883
784.000000 1.232726
785.000000 1.232375
786.000000 1.231660
787.000000 1.231196
788.000000 1.231457
789.000000 1.232850
790.000000 1.235773
791.000000 1.240634
792.000000 1.247811
793.000000 1.257552
794.000000 1.269810
795.000000 1.284036
796.000000 1.298981
797.000000 1.312629
798.000000 1.322383
799.000000 1.325580
800.000000 1.320156
801.000000 1.305094
802.000000 1.280418
803.000000 1.246780
804.000000 1.204993
805.000000 1.155911
806.000000 1.100776
807.000000 1.041557
808.000000 0.980680
809.000000 0.920415
810.000000 0.862477
811.000000 0.807976
812.000000 0.757519
813.000000 0.711344
814.000000 0.669423
815.000000 0.631550
816.000000 0.597400
817.000000 0.566576
818.000000 0.538643
819.000000 0.513136
820.000000 0.489579
821.000000 0.467487
822.000000 0.446395
823.000000 0.425890
824.000000 0.405672
825.000000 0.385605
826.000000 0.365753
827.000000 0.346382
828.000000 0.327924
829.000000 0.310930
830.000000 0.296053
831.000000 0.284077
832.000000 0.276016
833.000000 0.273300
834.000000 0.278058
835.000000 0.293435
836.000000 0.323512
837.000000 0.371939
838.000000 0.438943
839.000000 0.519132
840.000000 0.603430
841.000000 0.683483
842.000000 0.754171
843.000000 0.813441
844.000000 0.861179
845.000000 0.898225
846.000000 0.925794
847.000000 0.945160
848.000000 0.957523
849.000000 0.963942
850.000000 0.965316
851.000000 0.962385
852.000000 0.955735
853.000000 0.945827
854.000000 0.933020
855.000000 0.917616
856.000000 0.899902
857.000000 0.880189
858.000000 0.858839
859.000000 0.836287
860.000000 0.813050
861.000000 0.789745
862.000000 0.767123
863.000000 0.746138
864.000000 0.728055
865.000000 0.714619
866.000000 0.708186
867.000000 0.711579
868.000000 0.727383
869.000000 0.756827
870.000000 0.798923
871.000000 0.850148
872.000000 0.904719
873.000000 0.956015
874.000000 0.998908
875.000000 1.031251
876.000000 1.053591
877.000000 1.067986
878.000000 1.076945
879.000000 1.082848
880.000000 1.087710
881.000000 1.093129
882.000000 1.100298
883.000000 1.110035
884.000000 1.122792
885.000000 1.138652
886.000000 1.157324
887.000000 1.178159
888.000000 1.200208
889.000000 1.222345
890.000000 1.243423
891.000000 1.262442
892.000000 1.278683
893.000000 1.291799
894.000000 1.301870
895.000000 1.309425
896.000000 1.315457
897.000000 1.321344
898.000000 1.328530
899.000000 1.337781
900.000000 1.347964
901.000000 1.354839
902.000000 1.351835
903.000000 1.334291
904.000000 1.302894
905.000000 1.262063
906.000000 1.216632
907.000000 1.170217
908.000000 1.125005
909.000000 1.082020
910.000000 1.041443
911.000000 1.002883
912.000000 0.965604
913.000000 0.928728
914.000000 0.891420
915.000000 0.853060
916.000000 0.813356
917.000000 0.772400
918.000000 0.730612
919.000000 0.688629
920.000000 0.647160
921.000000 0.606870
922.000000 0.568304
923.000000 0.531860
924.000000 0.497781
925.000000 0.466166
926.000000 0.436963
927.000000 0.409982
928.000000 0.384915
929.000000 0.361438
930.000000 0.339373
931.000000 0.318885
932.000000 0.300572
933.000000 0.285416
934.000000 0.274681
935.000000 0.269889
936.000000 0.272774
937.000000 0.285112
938.000000 0.308391
939.000000 0.343405
940.000000 0.389982
941.000000 0.446934
942.000000 0.512211
943.000000 0.583110
944.000000 0.656460
945.000000 0.728830
946.000000 0.796866
947.000000 0.857711
948.000000 0.909366
949.000000 0.950823
950.000000 0.981944
951.000000 1.003225
952.000000 1.015539
953.000000 1.019941
954.000000 1.017533
955.000000 1.009382
956.000000 0.996471
957.000000 0.979663
958.000000 0.959690
959.000000 0.937151
960.000000 0.912559
961.000000 0.886409
962.000000 0.859262
963.000000 0.831814
964.000000 0.804935
965.000000 0.779702
966.000000 0.757419
967.000000 0.739605
968.000000 0.727917
969.000000 0.724003
970.000000 0.729323
971.000000 0.744954
972.000000 0.771428
973.000000 0.808495
974.000000 0.854668
975.000000 0.906422
976.000000 0.957635
977.000000 1.000808
978.000000 1.030378
979.000000 1.045150
980.000000 1.047625
981.000000 1.041863
982.000000 1.031922
983.000000 1.021231
984.000000 1.012485
985.000000 1.007708
986.000000 1.008315
987.000000 1.015132
988.000000 1.028384
989.000000 1.047671
990.000000 1.071986
991.000000 1.099800
992.000000 1.129254
993.000000 1.158436
994.000000 1.185696
995.000000 1.209881
996.000000 1.230468
997.000000 1.247566
998.000000 1.261831
999.000000 1.274303
1000.000000 1.286176
1001.000000 1.298474
1002.000000 1.311533
1003.000000 1.324195
1004.000000 1.332843
1005.000000 1.331529
1006.000000 1.315370
1007.000000 1.285051
1008.000000 1.246252
1009.000000 1.205504
1010.000000 1.167698
1011.000000 1.135673
1012.000000 1.110497
1013.000000 1.091831
1014.000000 1.078310
1015.000000 1.067912
1016.000000 1.058270
1017.000000 1.046924
1018.000000 1.031554
1019.000000 1.010283
1020.000000 0.982061
1021.000000 0.946928
1022.000000 0.905973
1023.000000 0.860951
1024.000000 0.813782
1025.000000 0.766165
1026.000000 0.719403
1027.000000 0.674374
1028.000000 0.631578
1029.000000 0.591209
1030.000000 0.553232
1031.000000 0.517483
1032.000000 0.483782
1033.000000 0.452082
1034.000000 0.422632
1035.000000 0.396098
1036.000000 0.373572
1037.000000 0.356439
1038.000000 0.346149
1039.000000 0.343875
1040.000000 0.350052
1041.000000 0.364049
1042.000000 0.384272
1043.000000 0.408688
1044.000000 0.435462
1045.000000 0.463412
1046.000000 0.492241
1047.000000 0.522575
1048.000000 0.555884
1049.000000 0.594212
1050.000000 0.639556
1051.000000 0.692785
1052.000000 0.752488
1053.000000 0.814778
1054.000000 0.874626
1055.000000 0.927713
1056.000000 0.971448
1057.000000 1.004904
1058.000000 1.028278
1059.000000 1.042362
1060.000000 1.048180
1061.000000 1.046787
1062.000000 1.039184
1063.000000 1.026304
1064.000000 1.009061
1065.000000 0.988417
1066.000000 0.965453
1067.000000 0.941415
1068.000000 0.917707
1069.000000 0.895822
1070.000000 0.877195
1071.000000 0.863004
1072.000000 0.854009
1073.000000 0.850513
1074.000000 0.852435
1075.000000 0.859474
1076.000000 0.871292
1077.000000 0.887686
1078.000000 0.908713
1079.000000 0.934714
1080.000000 0.966110
1081.000000 1.002752
1082.000000 1.042667
1083.000000 1.080805
1084.000000 1.109862
1085.000000 1.124178
1086.000000 1.122940
1087.000000 1.109369
1088.000000 1.088097
1089.000000 1.063457
1090.000000 1.038958
1091.000000 1.017317
1092.000000 1.000624
1093.000000 0.990459
1094.000000 0.987902
1095.000000 0.993424
1096.000000 1.006748
1097.000000 1.026781
1098.000000 1.051754
1099.000000 1.079588
1100.000000 1.108336
1101.000000 1.136493
1102.000000 1.163077
1103.000000 1.187509
1104.000000 1.209411
1105.000000 1.228407
1106.000000 1.243945
1107.000000 1.255150
1108.000000 1.260676
1109.000000 1.258593
1110.000000 1.246454
1111.000000 1.221951
1112.000000 1.184458
1113.000000 1.136529
1114.000000 1.083442
1115.000000 1.030996
1116.000000 0.983912
1117.000000 0.945505
1118.000000 0.917786
1119.000000 0.901463
1120.000000 0.895881
1121.000000 0.899147
1122.000000 0.908507
1123.000000 0.920820
1124.000000 0.932918
1125.000000 0.941793
1126.000000 0.944754
1127.000000 0.939723
1128.000000 0.925655
1129.000000 0.902782
1130.000000 0.872424
1131.000000 0.836478
1132.000000 0.796907
1133.000000 0.755438
1134.000000 0.713462
1135.000000 0.672063
1136.000000 0.632091
1137.000000 0.594257
1138.000000 0.559244
1139.000000 0.527854
1140.000000 0.501222
1141.000000 0.481138
1142.000000 0.470384
1143.000000 0.472687
1144.000000 0.491571
1145.000000 0.528044
1146.000000 0.579002
1147.000000 0.638450
1148.000000 0.700356
1149.000000 0.760386
1150.000000 0.815935
1151.000000 0.865486
1152.000000 0.908144
1153.000000 0.943574
1154.000000 0.972201
1155.000000 0.995404
1156.000000 1.015464
1157.000000 1.035193
1158.000000 1.057198
1159.000000 1.082968
1160.000000 1.112171
1161.000000 1.142672
1162.000000 1.171404
1163.000000 1.195502
1164.000000 1.213038
1165.000000 1.223152
1166.000000 1.225844
1167.000000 1.221674
1168.000000 1.211537
1169.000000 1.196540
1170.000000 1.177974
1171.000000 1.157386
1172.000000 1.136725
1173.000000 1.118465
1174.000000 1.105511
1175.000000 1.100638
1176.000000 1.105633
1177.000000 1.120579
1178.000000 1.143557
1179.000000 1.170670
1180.000000 1.196598
1181.000000 1.216017
1182.000000 1.225405
1183.000000 1.223953
1184.000000 1.212951
1185.000000 1.194430
1186.000000 1.169999
1187.000000 1.140302
1188.000000 1.105114
1189.000000 1.063980
1190.000000 1.017068
1191.000000 0.965636
1192.000000 0.911758
1193.000000 0.857668
1194.000000 0.805281
1195.000000 0.756050
1196.000000 0.711037
1197.000000 0.671035
1198.000000 0.636689
1199.000000 0.608561
1200.000000 0.587136
